ID       Price($) Nights    Rating(★)Reviews
     1001     152          2       3.7   120
     1002     485          5       4.3   195
     1003     398          8       4.4   257
     1004     320          9       4.1   473
     1005     156          9       3.9   420
     1006     121          1       4.1   475
     1007     238          9       4.2   165
     1008      70          7       3.2   260
     1009     152          9       3.7   327
     1010     171          8       3.5   132
     1011     264          1       4.6    22
     1012     380          8       3.9   285
     1013     137          8         5   494
     1014     422          3       3.8   227
     1015     149          1       4.6    58
     1016     409          8       4.6    62
     1017     201          3       3.3   327
     1018     180          3         4   364
     1019     199          1       4.4   178
     1020     358          5       4.7   284
     1021     307          7       3.7   118
     1022     393          9       3.4   292
     1023     463          7       4.4   435
     1024     343          9       4.6   346
     1025     435          8       3.7   155
     1026     241          2       3.2   454
     1027     493          1       4.9   131
     1028     326          7       3.8   159
     1029     210          7         4   494
     1030     363          8       4.7   390
     1031      71          5       4.4   478
     1032     302          3       4.5   277
     1033     285          8       3.4   108
     1034     394          6       4.1   421
     1035      98          3       4.4   397
     1036     108          1       3.5   303
     1037     219          3       3.3   250
     1038     237          5         5   180
     1039     320          3         4    43
     1040     239          1       3.5   481
     1041     495          5         5   174
     1042     224          7       4.9   251
     1043     495          7       4.1    30
     1044     100          9       4.8   359
     1045     413          3       3.4   310
     1046     104          7       3.6   413
     1047     293          1       4.4   412
     1048     369          4       4.7    17
     1049     180          4       4.7   320
     1050     356          5       3.8   395
     1051     184          7       4.8   317
     1052      70          7       4.7    40
     1053     378          4       4.9   177
     1054     216          7       4.6    24
     1055     323          3       4.3   325
     1056     437          6       4.2   268
     1057     138          2       3.7   498
     1058     365          9       4.9   404
     1059      63          5       4.9   146
     1060     291          6       3.6   464
     1061     314          4       3.6   375
     1062     395          7         4   475
     1063     102          9       3.9   147
     1064     435          7         5    96
     1065     389          1       3.4   358
     1066     141          1         3   326
     1067     416          9         4   292
     1068     493          9       3.4   219
     1069     477          4       3.7   451
1070   313   9   4.5   346
1071   480   3   4.4    55
1072    84   7   3.6   157
1073   255   6   4.1   190
1074   130   8     4    67
1075   469   9   4.3   194
1076    99   5   3.5   129
1077   409   1   4.2   154
1078   437   3     5   318
1079    51   8     4    62
1080   439   6   4.8   346
1081   103   8   3.9   309
1082   155   9   3.7   184
1083   309   4   4.3   174
1084   359   1   4.3   330
1085   240   1   4.7   275
1086   451   4   3.5    58
1087   267   7     4   495
1088    93   2   4.1   448
1089   211   3   4.5   105
1090   251   1   3.1   485
1091   495   5     5   268
1092   319   1   3.9    57
1093   400   8   3.6    64
1094   353   1   4.8   496
1095   320   1   4.5   112
1096   264   2   4.9     9
1097   301   2   3.7   107
1098   239   6   4.1   200
1099   345   7   4.1   266
1100   262   5     5   369
